632
7626056.6120434245 1265228.9697733428
7626445.866716806 1264102.785024179
7627543.84226682 1264404.9321694053
7625960.26264239 1262875.804230156
7625703.214999997 1262993.7709343694
7625314.077459189 1262746.0697767087
7625362.572935715 1263072.5525109612
7625266.085466251 1263387.9247270303
7625543.378499424 1263333.5909799645
7624858.107023136 1262957.793743973
7625071.764178043 1262605.4645812497
7624762.318352493 1262771.4738432078
7624854.817141827 1262453.5316106295
7624485.262121629 1262525.238316418
7624615.658109119 1261988.190594505
7625119.42806459 1262209.2815019933
7625367.591200709 1262439.4166088311
7625627.237409585 1262427.2315822602
7625934.18878551 1262396.8193463192
7623755.3769321665 1259115.8521411302
7624119.084362867 1260217.4053478942
7623768.835783277 1259908.2326072415
7622821.593956768 1260018.7443299943
7624065.099483723 1261271.9427766714
7621403.663863347 1263501.9717713927
7621476.293968556 1262761.2522365244
7620766.432816241 1261605.7318308924
7620114.486013351 1263049.1441374212
7619901.80031875 1263019.0964851025
7618311.144895606 1261006.8012126104
7615759.8658537 1258051.368121169
7614221.48122103 1258643.4181008367
7612763.47926864 1257235.1822780177
7612956.508923023 1256656.4594563008
7613298.359306003 1256018.607350951
7613562.706463573 1255867.9388456729
7613254.344334485 1254580.8418057505
7613068.4863921255 1254851.8256694581
7612977.040228573 1255140.8085606277
7613208.390358366 1255361.6758094912
7613093.960727135 1255762.6692075017
7612744.801452625 1255937.23917872
7612585.265250922 1254262.942207164
7613024.84865845 1254236.05921145
7613533.957636283 1254046.5295873228
7613206.756058769 1253671.6264009993
7614247.721060213 1253915.788880377
7614002.076290291 1254173.9530521238
7613787.684431442 1254333.4394047866
7614136.327315103 1254506.1107875435
7614396.16620585 1254771.1001671557
7615082.308681731 1254562.8821627516
7614511.419265441 1254199.947267466
7614703.1068946 1253951.2682442584
7614661.049397997 1253535.3984312913
7615211.668811234 1253422.1662577596
7615193.632227814 1253144.6216799046
7615606.744117014 1253191.717185175
7615741.456902831 1253472.9769450189
7615846.119520917 1253107.7035430616
7615944.124542413 1252787.366303253
7616147.459477988 1252721.576391144
7616435.890632751 1252930.3989658298
7616524.690324099 1252644.3156171686
7616879.707726745 1253014.4991056456
7616726.021853529 1253098.5011044976
7616497.5111212125 1253248.2737032857
7616556.707884558 1253415.072788948
7616769.107378998 1253672.9664490821
7616525.055225442 1253864.7723484498
7616902.25291431 1253902.0168487122
7617110.659278393 1253534.8413527813
7617481.245086103 1253537.623847588
7617357.054123892 1253289.9177232317
7617458.407061098 1253007.4807550253
7617850.160877446 1253141.5520772727
7617969.485858781 1252852.2099491516
7617396.9649675395 1252244.923362277
7617282.373280066 1252020.4194080832
7617007.786337167 1252503.957131454
7616826.573422959 1252442.1431906093
7617082.948089535 1252827.1374485507
7616608.50959056 1252316.53691822
7616968.313475985 1251945.5906511724
7616556.790091231 1251943.6735308245
7616498.451737833 1251709.9368171801
7616447.691504509 1251496.9945906952
7616449.380018114 1251283.1678056992
7616354.822150743 1251103.5480612488
7616884.6607779 1250869.1381050735
7616900.937817153 1251309.5220732505
7617066.463043978 1251594.0930412337
7617640.5552130295 1251641.1423933182
7617503.312329265 1251534.5417115586
7618477.805912596 1251697.4336972458
7617671.57844204 1250660.7388492988
7618039.400043251 1250411.5666608654
7617741.7542320695 1250246.7624604842
7617836.010095819 1250073.696562431
7618281.604255486 1250270.467348062
7618127.270578279 1249800.8343990673
7618444.108013942 1250029.203531302
7619001.1630079895 1249588.7330013134
7619186.5962310685 1249789.9066589118
7619403.961001617 1249932.7052458297
7619529.587120873 1250124.6916450188
7619413.78460798 1250624.9253258798
7619979.068360652 1250302.335184076
7620175.181083716 1250305.1227114764
7620396.635980168 1250502.785110609
7620437.7010296 1250114.4414591787
7620281.889732251 1249848.1800184275
7620663.4510002 1249805.4639659713
7620417.268310177 1249525.380290493
7620550.208592813 1249285.7722535946
7620248.750439413 1249285.409480454
7620161.561820071 1249566.7252600577
7620010.315658263 1249546.6974045003
7619758.188765268 1249701.6320010105
7619931.661390403 1249946.3522568916
7619824.594642506 1249236.9414283708
7619589.208306608 1249144.9014618897
7619501.202322733 1248850.1421872403
7619288.544618872 1248616.5787978342
7619347.237177209 1248324.3124608912
7619577.594577254 1248366.786119669
7619737.338876838 1248436.8869596478
7619634.415758273 1248205.5181506223
7619467.983076198 1248120.791568666
7619296.203764451 1247978.2188586472
7619062.163554482 1248094.599788311
7619016.05126472 1248251.0997650397
7618849.032478183 1248239.603788018
7619036.699627174 1248510.2877277278
7618544.729216314 1248840.0420817027
7618747.260396103 1249157.985451635
7618133.78020313 1249527.068006112
7617875.545337704 1249556.220630248
7617271.827099215 1250403.6746166348
7617474.365163091 1250366.0289992292
7617085.392842645 1248967.0834610427
7616977.200620377 1248756.4187322266
7616941.6574234925 1248433.4241661658
7616646.616023866 1248570.8118749878
7616611.915514402 1247958.9988344614
7616889.520121694 1248154.0241977593
7617361.445129754 1247717.5190345596
7617444.324087948 1248534.4142912559
7617803.430535246 1248259.463362629
7618203.412055893 1248585.0192744979
7618617.069417185 1248095.45934438
7618177.802619781 1248023.693724471
7618408.935727802 1247619.4739009144
7617958.338471251 1247753.0595248735
7618172.485369844 1246979.6277349473
7618811.760693653 1247363.1217036308
7618922.626469422 1247285.144057346
7619143.125801153 1247156.1857405384
7619240.039062559 1247363.34195898
7619226.358284918 1247472.0649540215
7619421.286348157 1247540.5932886126
7619498.534684294 1247770.2565246052
7619624.392578873 1247698.980313871
7619712.251124811 1247929.8980953877
7619958.020781431 1247767.3116050628
7619802.860573927 1247547.598639562
7620413.963971864 1247497.2982859456
7620593.3138552215 1247394.0941529863
7621102.746156549 1247774.2592012272
7620755.734985399 1247945.7309854843
7621046.506405549 1248162.5122557555
7621290.874070177 1248029.902603201
7620848.813003299 1248288.0659562808
7620818.664189216 1248563.4501317893
7620634.209465162 1248352.1290112997
7620508.655991382 1248187.5618455028
7620309.102568512 1248393.0944220733
7620302.061733936 1248027.0577444504
7620118.567942185 1248022.2235254222
7619932.341903226 1248155.1539966273
7619988.874976164 1248458.1131762636
7620226.406653565 1248831.6124238637
7620009.778421203 1248951.1602731545
7620440.277250749 1248725.2789258484
7620668.523299689 1249030.827683795
7620861.311029057 1248888.2801716342
7620925.96410134 1249211.6653970943
7621241.119201574 1248984.066013376
7621061.72475917 1249485.7752759703
7621376.735075477 1249657.6712959276
7621324.236625902 1250065.1381247828
7620952.798904298 1250000.3615242203
7620684.555625313 1250560.7675797995
7621184.157832766 1250509.4750638932
7621117.434753263 1250815.8555800812
7621335.191536915 1251055.1811654707
7621156.73241966 1251427.4075527948
7621334.194016781 1251700.9974372203
7621577.066232706 1251774.9386906123
7621753.0055110585 1251509.9773043175
7621584.024313191 1252184.3179805065
7621841.979580534 1252660.0807551926
7622117.074979039 1252783.635102858
7622066.383210093 1253310.2774890587
7621434.46201303 1253278.3599417107
7621539.572224722 1252885.3360966463
7621251.95242346 1252912.7098663787
7621186.936796415 1252639.8347262167
7621002.566756627 1252454.2768845463
7620676.405376219 1252277.060976719
7620527.906615845 1252638.8633940269
7620169.861394012 1252513.544718715
7620180.961246729 1252951.1025579362
7619616.046641453 1252729.0604588292
7620549.817146927 1253119.4071382075
7620745.326808637 1253288.483095811
7620453.558863981 1253600.2268544722
7620640.298060929 1253787.8724869653
7620768.638460482 1253864.7194279195
7620866.634592218 1253675.1873820384
7621030.669894731 1253665.8926461386
7621284.420143948 1253530.3925770244
7621369.388222163 1253898.4051400458
7621767.861946654 1254086.629719092
7621902.013184204 1254408.1614409883
7621630.65129701 1254389.6970320516
7621357.560283827 1254683.8312278674
7621265.834776798 1255316.5981820542
7622040.687059077 1254852.2719376856
7622083.044183017 1254655.552029286
7622308.825990506 1254653.6234033944
7622280.989028681 1254343.3824373665
7622261.957752131 1254022.8591805922
7621944.540279864 1258263.855240378
7619931.12114819 1257819.166678744
7619550.71892944 1254870.8740474125
7615963.393989308 1254498.3978359182
7615892.906477045 1254231.7153696918
7615577.480110028 1254017.7410682398
7615498.521373949 1253821.8908673844
7615386.784814366 1253709.4254719515
7615152.539095533 1253886.6434214595
7615864.408927063 1253854.554506424
7616192.509032339 1253843.4491943954
7616239.055894832 1253326.758097392
7619779.59452116 1251968.1543958213
7619544.986760143 1251551.7529939816
7620083.266476178 1251686.0956916807
7620259.472233482 1252034.4923892247
7620453.851137057 1251587.9080378215
7620841.898747814 1252002.4975797343
7620855.157824923 1251620.0859917973
7620658.008453927 1251269.1144503518
7620214.07304687 1251074.9206355854
7620529.259007881 1250912.8861674615
7619892.0853528315 1251251.7917523035
7619690.374729865 1251302.9332083794
7621580.280654354 1250231.7016902377
7621513.889764034 1248681.799273326
7621090.7457524985 1248724.9081880455
7619727.931005036 1246917.4501130763
7619768.637249271 1246660.3054437398
7619400.1597890705 1246609.0058586549
7619399.153608299 1247033.9108909208
7618800.427450847 1246882.375582425
7619046.086554595 1246610.0047384705
7618786.8609749 1246384.1056303245
7619159.62155939 1246215.9446375298
7619221.394749917 1245896.8560703674
7619588.823429178 1246321.2884121127
7618923.320174624 1245624.8908980503
7618495.088561911 1245356.7279772614
7618176.018682814 1245635.8373159263
7617963.02775781 1245594.4807763102
7617685.266991478 1245678.4205607062
7617764.023055966 1245421.802533515
7618026.688708806 1245291.8454359032
7617806.128748694 1245125.8978454685
7617666.481636764 1245022.4947799752
7618113.608870141 1244933.9267508164
7617843.801415378 1244707.9592384307
7617450.092533346 1244882.6341375352
7617540.282571527 1244470.166570816
7617236.316140935 1244661.888983548
7616966.86878327 1244827.8151780672
7616858.939196344 1244553.5845009575
7616838.516670752 1244231.7512280764
7617101.373155617 1244210.1021977754
7617280.028845417 1244148.0653475465
7617452.525009864 1244074.9918590917
7617602.253283478 1243972.940792254
7617016.311405515 1243809.6006182628
7616810.393676501 1243394.5908280062
7616695.919472997 1243138.4449018762
7616320.540553996 1243447.8753632274
7616439.145533156 1243780.9398274214
7616631.262995038 1243945.048944026
7616553.265964059 1244319.4960669235
7616370.505445703 1244341.5344049793
7616146.779079054 1244410.2179132155
7616371.175381283 1244665.1163052984
7616141.629594483 1244682.42049017
7616431.588688026 1244893.4220337875
7616563.861970583 1245113.7516678176
7616611.49928521 1245433.5006945857
7616944.674621897 1245170.5706916566
7617025.284801947 1245486.373653359
7617258.10295601 1245563.3693358232
7616490.720169841 1245742.8312789036
7615994.99151086 1245887.4319514283
7615784.08552203 1245734.230494416
7616120.004745711 1245455.9488609124
7615957.927609088 1245246.2222665085
7615760.401167187 1245057.1557800954
7616004.147277825 1244869.5795057376
7615738.620744783 1244528.6454476241
7615565.212002094 1244685.2238806118
7615251.716028553 1244564.9235404215
7615528.533650114 1244299.0912473118
7615377.130787941 1244098.8187123826
7615775.123456659 1244190.2042152067
7615874.36850848 1243960.7558546085
7616032.92014157 1243695.539432787
7616213.340364664 1244062.7570381586
7615805.108558846 1243470.7223939255
7615521.165769733 1243693.2436526108
7615541.921041227 1243342.8769721715
7615273.026354194 1243404.5135790051
7615140.861857604 1243590.236684542
7615039.617980641 1243716.250910188
7614886.599407693 1243419.8259924385
7615002.187306672 1243261.0672685266
7615101.521839572 1243087.9350112292
7614873.947551088 1242783.6415912304
7615339.914278118 1242847.6539287278
7615485.794681158 1242945.4553777443
7615777.453220198 1242936.7021774966
7615928.392397753 1243156.2652264717
7616208.949684014 1242831.4192472738
7616432.5787763735 1242968.3201576208
7615871.474848139 1242676.0700402248
7616064.526304187 1242169.879711463
7615639.144647283 1242534.0430477213
7614235.176460942 1241633.4278053844
7613614.007234535 1241769.753791274
7613460.718396956 1241481.8323019356
7613179.377838894 1241375.5996636797
7612954.874509554 1241671.1084870005
7613225.266280213 1241848.301367203
7613283.506617252 1242112.0684999847
7612891.947508967 1242210.4622924658
7612777.744329159 1242565.0392016687
7612425.599055569 1242386.2437319027
7612499.5588595625 1241987.3799554142
7612050.333239096 1242070.7306079578
7612012.7254814 1241712.8398251273
7611663.906862959 1241682.0204157126
7611616.863109588 1241440.1250461505
7611479.376563759 1241271.5919107865
7612091.032538155 1241228.2941146193
7612326.358552734 1241423.0812834718
7612518.80218407 1241705.887112264
7612755.980276302 1241429.1076039253
7612723.554534586 1241063.1401329958
7610954.777276454 1240732.7849193953
7609274.129303916 1240816.9409521816
7608992.246221159 1240699.259809611
7608758.5401880415 1240585.6516534907
7608620.112092783 1241272.2648541208
7608082.173733352 1241304.581554057
7607264.437952577 1242006.2977695176
7606896.522264073 1241922.7638073694
7606932.874502369 1242418.8771618386
7606575.402068373 1242560.1079750615
7606753.145014875 1242829.0956209358
7606942.374772866 1243168.178780671
7606642.555917438 1243343.682159534
7606951.754763725 1243682.0534696374
7606733.974181548 1243798.7391091979
7607305.991389863 1243360.1903071266
7607566.325751339 1243577.070089463
7607665.118938147 1243728.46516968
7607634.186571707 1244059.820534892
7607746.642811841 1244317.4123487093
7607880.462320021 1244540.1133170018
7607509.248323269 1244600.4306665706
7608008.173647224 1244751.915841886
7608124.876885889 1244962.1216948712
7608374.387004425 1244297.6822999767
7608466.378672346 1245165.578888308
7609192.329749787 1245732.6732545795
7609053.190540879 1246148.6425533793
7609509.206611254 1245995.2667384655
7609784.3797762925 1246125.3833989853
7609777.805141536 1245670.5989776927
7610993.259420174 1244849.504236353
7611206.750769188 1245716.6541071972
7611109.004871555 1246238.534468801
7611265.841904442 1246240.7315903334
7611376.214429625 1246455.6479465528
7611434.529096671 1246786.5756063592
7611765.858899648 1246541.9660475056
7611891.089788419 1246945.5706130278
7611665.087185095 1247102.4092166873
7611805.222490125 1247383.6280310294
7611338.7215423435 1247319.6734722962
7611610.623499667 1247659.7505154924
7611163.379184007 1247505.2074053423
7611120.801401248 1247900.1147284873
7610835.995537941 1247627.8285053433
7610523.486509975 1247804.6945072128
7610571.722523087 1247295.8538797384
7610172.600348838 1247424.5319398397
7610024.76394372 1247133.5139862956
7610351.92200132 1246866.4218198003
7610016.415005301 1246732.066835859
7609886.693641882 1246550.6332564019
7609776.9124601 1246744.8610769853
7609482.769259328 1247323.5244599646
7609403.773166039 1247496.5381883443
7610562.241463933 1248212.0421521277
7610835.9667202635 1248446.5544966117
7610962.311501408 1248198.067755745
7611285.686181461 1248496.0118471337
7611091.485223542 1248753.0343065257
7611249.032894201 1248929.3313983085
7611634.170679874 1248858.6023042544
7611788.800024562 1248628.0385502863
7611575.883978947 1248542.103634449
7611727.93341953 1248148.0364617868
7611472.263064578 1248130.0680366498
7612085.195536056 1248012.6783701857
7612072.49962276 1248605.2285527193
7612781.534092203 1248227.7298838494
7612470.270335776 1247517.3000477476
7612229.900989729 1247450.4965335855
7612160.743702719 1247003.49754506
7612227.480728816 1246781.2004228209
7613362.754699653 1245840.3599172686
7613642.3557528015 1245592.5708640714
7613925.3472712 1245777.8133397084
7613955.734900356 1245988.5348376704
7614327.749169278 1246211.9990297894
7614084.790517091 1246313.9405858335
7614607.065139784 1246079.4432531914
7615066.176164584 1246166.912886109
7614860.367536674 1245837.6169036718
7615156.933573563 1245666.1240564692
7614949.112891254 1245357.9830958894
7614675.2401174335 1245334.2701284618
7614300.622254538 1245577.2318357434
7614420.5632904135 1245093.6466022504
7614469.880984289 1245853.8189775161
7614128.261196402 1245264.5367386544
7613697.474696145 1244520.7750174804
7615121.378601366 1244320.2865636398
7615312.229737737 1243878.0910717163
7615182.442530042 1245012.956569503
7615486.3241309095 1245414.473832867
7614026.168242182 1243625.7294909626
7614186.359421018 1243305.880147449
7613690.968545815 1243746.8890514174
7611412.8913115375 1242947.512335212
7611616.393819775 1242289.527792401
7611438.591125266 1242143.0774836687
7609557.548488442 1243786.7607610095
7608493.988845087 1242658.0829929402
7608254.493857459 1242975.9324779296
7608117.275009842 1242807.311136009
7607821.1908702655 1243161.8148862266
7607546.022487446 1242861.310784884
7607180.9594198475 1242654.9036441483
7615523.555231258 1245972.443726266
7615301.979136474 1246207.4044143977
7615429.497269016 1246309.758315308
7617897.552434213 1246314.299238594
7613138.587090342 1249040.6580546936
7613062.391939766 1248955.1942879222
7612840.260734551 1249103.8371082947
7612620.6066623265 1249316.252330988
7612931.896794138 1249534.39120066
7613196.995312422 1249434.5427878127
7612940.189384336 1249946.166515631
7612923.699702944 1250258.0368616024
7612636.282659339 1250341.4231426425
7612185.040111637 1250159.1606831024
7612007.043124622 1250455.551475285
7611735.18667368 1250149.4363048612
7611728.999866079 1249799.397966177
7611461.065121252 1249990.0000679782
7611246.104684433 1249908.2672632653
7611008.22223587 1250029.2594155867
7610984.786357985 1250420.650908961
7611343.988636557 1250518.5318218218
7611021.714405888 1250840.5712079455
7610672.134295889 1250839.006104315
7611267.730835355 1251013.8029178018
7611403.6888881745 1251399.9923513806
7611731.055146995 1251460.3275909266
7612011.464181317 1251475.4695380693
7611764.437016793 1251916.4880477895
7612041.475447392 1252738.1069362243
7611749.562875761 1252696.5325391784
7611728.631984435 1253187.8005291747
7611477.27200167 1253060.4393523575
7611785.081754006 1253424.5649897538
7612272.204140285 1253481.4757915316
7614589.144035686 1252395.1342384778
7614661.977620294 1252454.8520077607
7614858.585817113 1252800.0196177552
7614431.819036398 1252752.418733628
7615287.428196943 1252462.7621879727
7615465.12709925 1252832.3931480008
7615690.991860687 1252038.3146129074
7616183.739453319 1252306.9591155031
7616149.51869504 1251842.85908631
7615770.312126913 1251531.142080516
7612522.200762997 1251302.0065089217
7612177.032517717 1250937.095395139
7611691.166456157 1250892.107556183
7611371.242961753 1252367.7171719247
7612087.856040654 1255028.1871348654
7612033.281980398 1249487.1198210248
7611879.053544519 1249470.2088621377
7612327.363995284 1249708.6298472437
7610494.289427238 1246371.2996046701
7610715.856072829 1246712.6155545625
7610615.376426354 1246497.1993009243
7610877.329290615 1247004.7422427982
7611153.9981264435 1247057.762620624
7607464.846577589 1240425.2257364194
7617335.407540598 1245229.5642358465
7617154.49577783 1245043.3063267183
7618344.147720995 1244770.9938797061
7618267.078259538 1245156.2587588024
7618563.127071893 1244985.536938315
7618458.823310232 1245010.809372476
7618669.739760465 1247633.2206489511
7618654.303515877 1247929.32657266
7621696.467826895 1254060.8716890381
7620410.691162167 1253869.306255568
7615830.586041203 1249656.921487476
7617188.722726383 1245990.9504404971
7622849.739794136 1262671.453246269
7617656.084113039 1252454.138296339
7621703.698816166 1256199.0609944444
7621471.155200038 1249267.8931995474
7619150.66282746 1246904.7089885343
7609695.155953586 1249242.3891411813
7610500.108264219 1248984.8418426437
7616598.066204949 1246301.8995306385
7613820.942545268 1253558.4228808787
7613722.698376303 1253207.209352827
7614339.111214942 1253246.4241854032
7614010.114979696 1252958.9680785656
7613776.245130166 1243050.5307618175
7613273.772420417 1242706.4665751704
7613572.126110644 1242621.5429559397
7613603.907499117 1242365.6792199041
7613555.169516572 1242205.0901191938
7614544.791285613 1242439.8673048285
7614098.0865676515 1242348.8677199148
7614370.8239152385 1242142.7937758027
7613856.346616593 1242159.8256169325
7614033.275787084 1242008.1616836581
7614023.125227614 1241916.3389508368
7609435.590170936 1241642.8335059783
7610884.412192171 1241080.990059072
7607790.82271263 1242284.2520001612
7607269.047918148 1241618.0589868878
7608967.681545604 1245501.2871753396
7609507.515966025 1245449.7464154172
7608987.49059921 1245030.6704684813
7611629.581424988 1249552.671347048
7611522.600232565 1249424.6627631905
7611371.641585277 1249373.4588997893
7611430.545745155 1249419.6317306515
7612643.451275356 1246069.7342306897
7613513.957760478 1246195.3053143239
7613742.236072572 1246089.2854220564
7613610.512792923 1245410.3787916014
7613127.512528022 1245248.177106251
7613028.739980452 1244781.8229953498
7615580.249017844 1246474.4053997064
7615860.708392392 1246854.5413394673
7614882.484196181 1246632.5349196102
7616368.737856455 1246470.0190530845
7616218.0179822715 1246063.1869907372
7613835.567693811 1255334.4172069838
7613829.349733727 1255034.8577036066
7613872.6294852635 1255150.7544059553
7613410.408776263 1255201.9260888628
7613672.030542005 1254745.3782670158
7608807.110340102 1246180.9481867752
7608682.9091310995 1246014.1506082122
7608962.976185391 1246541.731147743
7608286.320762252 1245843.320989999
7613717.296939045 1247556.167376454
7614432.436449393 1248266.7271403756
7614620.728626788 1248285.6064137295
7615778.372595252 1247360.1774409993
7615517.950672926 1254846.0188285746
7618137.604803021 1255959.1881078214
7619108.660638113 1255573.4379557704
7619446.639503711 1255317.2687994414
7619121.066116615 1254003.48040712
7616716.739484516 1256184.5262047602
7613694.321512839 1241119.1837815943
7614071.429982672 1241188.9553849858
7614896.35629708 1241482.5286222599
7615485.788500308 1241778.8225273343
7613219.532261473 1251275.443331348
7613064.818384945 1250762.1998007316
7613206.233096836 1250461.8039537696
7613326.5816899175 1250123.9674522271
7613606.706704183 1250362.3951582473
7613859.475698275 1249785.9418817412
7612496.994214289 1253225.6125428532
7612850.217787122 1252993.3105434016
7612577.074757451 1252820.5298782587
7612328.637685657 1252634.1716402771
7612296.7229090715 1252214.0893939876
7612159.390374404 1251943.9353260738
7614049.151197337 1251652.1758982427
7614784.690621318 1244769.4239928352
7614529.733423868 1244113.6154817923
7614207.297535323 1243691.8936076602
7612972.278481482 1242716.1170067335
7613143.327501402 1243056.1374225526
7625311.423402388 1261501.4421757706
7625406.719199693 1262027.8034320055
7625723.106316103 1261840.5856584085
