143
536021.1 4340153.6
536629.8 4335982.4
537033.2 4338360.2
537309.0 4336749.9
536007.8 4336769.6
538904.2 4335587.6
538857.7 4337243.0
538450.2 4337196.7
538436.6 4336750.9
539120.5 4336752.4
539917.9 4337582.4
540383.8 4333182.2
539102.1 4339150.7
540512.1 4330358.1
540878.6 4333184.1
536027.3 4335131.7
540232.1 4334782.9
536079.4 4330543.1
536068.0 4332611.9
539853.5 4335582.3
537242.3 4333488.4
537021.2 4334382.9
536060.6 4334251.5
536066.8 4333650.7
536571.1 4333645.6
536487.1 4332969.3
535186.9 4335120.2
535279.2 4333977.7
536018.4 4335944.3
535207.4 4335765.2
534695.9 4335733.4
534635.4 4335157.1
540812.5 4335115.4
540808.6 4335583.0
541164.2 4335582.5
541162.3 4335934.2
541548.9 4335935.1
541537.6 4336324.5
541151.1 4336329.0
540802.6 4335931.8
540230.5 4335927.3
540237.4 4336741.4
540740.0 4336748.2
541244.6 4336751.7
541545.9 4336759.4
540727.3 4337558.7
538705.7 4335119.1
539008.5 4334713.7
538808.9 4334669.0
538832.4 4334167.6
539453.9 4334148.3
539857.3 4333944.9
539853.0 4334792.9
539848.2 4335365.2
537896.8 4334192.3
537994.6 4335119.9
539835.5 4330373.8
540918.9 4330358.6
540884.5 4331986.3
542497.8 4332017.6
541701.8 4331981.0
541633.1 4331392.4
540898.6 4331407.0
541694.2 4333173.1
541899.7 4333593.4
542472.6 4333596.5
543521.9 4331964.1
543351.9 4333588.3
543340.3 4335115.3
542462.5 4335115.2
543996.2 4333928.0
543401.8 4334120.4
542370.4 4335923.3
543999.8 4334600.2
543385.3 4334762.9
542462.0 4334767.1
544813.5 4335134.8
545601.5 4335149.1
544678.6 4336063.2
542995.1 4335944.8
543586.0 4335925.4
543627.1 4335125.7
543994.2 4335120.4
543551.3 4336400.2
542825.0 4336348.1
542559.1 4336846.7
541841.2 4335932.7
541778.0 4335118.4
542222.4 4330381.3
540872.9 4333596.0
540290.7 4333585.6
539904.7 4331979.8
537817.2 4330427.0
538996.9 4332008.3
539844.5 4333087.5
540454.7 4335146.5
540454.4 4335582.5
540345.5 4335928.1
540345.0 4335583.5
539859.0 4336103.5
538431.8 4336093.8
540523.4 4331973.9
536071.8 4332043.7
544893.1 4333570.4
545675.7 4333587.2
544876.4 4331986.8
544125.2 4330379.3
541239.9 4335119.7
541248.0 4333592.6
541242.8 4334403.1
542463.8 4334409.4
540859.2 4334398.9
540846.4 4334790.4
541784.4 4334401.6
539853.2 4335901.5
541483.8 4337520.1
540204.2 4337556.0
536008.0 4337998.9
539930.8 4336748.4
539852.8 4335148.1
536363.7 4335126.8
539123.4 4336099.8
540284.1 4335146.2
540288.4 4335368.7
540232.9 4336114.5
540617.3 4335147.6
540288.3 4334142.4
540619.8 4335361.9
540620.1 4335584.4
540620.5 4335932.6
540453.8 4335366.4
540613.3 4334788.4
541239.7 4334762.9
541781.9 4334764.8
543948.5 4333582.8
540864.0 4334150.9
540455.8 4334792.0
540451.7 4334147.0
540447.2 4333589.3
540452.0 4334451.3
539855.2 4334353.0
540739.8 4336410.5
540234.8 4336406.0
